#Thors RMSD: 0.004468590643445474
P_world = np.array([
    [0.25, 0.10, 0.0], 
    [0.25, 0.30, 0.0], 
    [0.25, 0.50, 0.0], 
    [0.50, 0.10, 0.0], 
    [0.50, 0.30, 0.0],
    [0.50, 0.50, 0.0],
    [0.75, 0.10, 0.0],
    [0.75, 0.30, 0.0],
    [0.75, 0.50, 0.0]
])

P_camera = np.array([
    [-0.249, 0.213, 0.95],
    [-0.247, 0.047, 0.853],
    [-0.248, -0.123, 0.751],
    [-0.003, 0.217, 0.965],
    [-0.002, 0.046, 0.854],
    [-0.003, -0.123, 0.757],
    [0.247, 0.215, 0.967],
    [0.249, 0.043, 0.859],
    [0.250, -0.125, 0.754]
])

#Signes Callibreringsværdier med RMSD: 0.003599191234126985
P_world = np.array([
[0.25, 0.10, 0.0],
[0.50, 0.10, 0.0],
[0.75, 0.10, 0.0],
[0.25, 0.30, 0.0],
[0.50, 0.30, 0.0],
[0.75, 0.30, 0.0],
[0.25, 0.50, 0.0],
[0.50, 0.50, 0.0],
[0.75, 0.50, 0.0]
])

# Camera-detected positions (P_camera)
P_camera = np.array([
[-0.24237354, 0.23000564, 0.94000006],
[0.00251378, 0.23318656, 0.95300007],
[0.24578281, 0.22845545, 0.94000006],
[-0.2507086, 0.06273072, 0.87700003],
[0.00373772, 0.06381112, 0.87200004],
[0.25700793, 0.06208696, 0.86800003],
[-0.24321598, -0.10910245, 0.75500005],
[0.00326621, -0.10634409, 0.762],
[0.25862357, -0.11151678, 0.763]
])
