#RIGHT ARM RMSD: 0.002138545744363972

P_robot = np.array([
    [0.15, 0.50, 0.0] [0.116, 0.471, 0.810]
    [0.15, 0.30, 0.0] [0.117, 0.270, 0.811]
    [0.15, 0.10, 0.0] [0.118, 0.068, 0.811]
    [0.25, 0.10, 0.0] [0.218, 0.069, 0.811]
    [0.25, 0.30, 0.0] [0.220, 0.272, 0.810] 
    [0.25, 0.50, 0.0] [0.219, 0.474, 0.810]
    [0.50, 0.30, 0.0] [0.469, 0.273, 0.811]
    [0.50, 0.50, 0.0] [0.466, 0.473, 0.811]
])

# Known positions in the robot cell (P_world) in meters
P_world = np.array([
    [0.15, 0.50, 0.0],
    [0.15, 0.30, 0.0],
    [0.15, 0.10, 0.0],
    [0.25, 0.10, 0.0], 
    [0.25, 0.30, 0.0], 
    [0.25, 0.50, 0.0], 
    [0.50, 0.30, 0.0], 
    [0.50, 0.50, 0.0] 
])

P_robot = np.array([
    [0.116, 0.471, 0.810],
    [0.117, 0.270, 0.811],
    [0.118, 0.068, 0.811],
    [0.218, 0.069, 0.811],
    [0.220, 0.272, 0.810],
    [0.219, 0.474, 0.810],
    [0.469, 0.273, 0.811],
    [0.466, 0.473, 0.811]
])

#LEFT ARM  RMSD: 0.002515906771115796
# Known positions in the robot cell (P_world) in meters 
P_world = np.array([
    [0.6, 0.1, 0.01], 
    [0.75, 0.1, 0.01],
    [0.9, 0.1, 0.01],
    [0.6, 0.3, 0.01],
    [0.75, 0.3, 0.01],
    [0.9, 0.3, 0.01],
    [0.6, 0.5, 0.01],
    [0.75, 0.5, 0.01],
    [0.9, 0.5, 0.01]
    
])

P_robot = np.array([
    [0.567509, 0.0706314, 0.822243],
    [0.71981, 0.071357, 0.82235],
    [0.86943, 0.072108, 0.82269],
    [0.56797, 0.27397, 0.82143],
    [0.71783, 0.27654, 0.821],
    [0.86865, 0.27794, 0.82178],
    [0.56499, 0.46881, 0.8207],
    [0.7152, 0.47224, 0.81968],
    [0.86677,0.47542, 0.81946]
])